Vardas3487002 Pavarde7270902 10 1 6 9 6 10 10 2 7 4 6 8 8
Vardas5750721 Pavarde741865 4 4 6 3 1 2 10
Vardas6544199 Pavarde197754 8 5 4 1 4 1 5 9 10 3 7 10 6 9 1 6 3 9 8 1 8
Vardas3382721 Pavarde4534801 3 10 9 5 8 10 9
Vardas7037646 Pavarde3367473 7 2 7 5 1 7 8 7 9 9 2 6 1 4 5 4 1
Vardas5627337 Pavarde6931574 7 7 8 6 5 4 8 10 8 6
Vardas1781662 Pavarde3979027 5 5 2 9 7 6 4 4 2 8 1 5 2 6 9 8 7 2 9 2 2
Vardas4429092 Pavarde8036856 3 3 1 9 4 4 5 9 9 10 4 8 5 4 3 5 2
Vardas4547999 Pavarde3295051 8 6 3 9
Vardas3384713 Pavarde7268336 4 10 10 8 6 2 2 1 4 6 8
Vardas4309765 Pavarde5145213 9 5 4 1 8 2 3 10 5 2 3 5 4
Vardas239741 Pavarde1405527 8 6 6 8 9 5 8 5 10 7 10
Vardas4195541 Pavarde9242160 9 3
Vardas8908104 Pavarde9559420 9 4 10 4 2 1 3 9 1 7 5 7 3 7 9 4 7
Vardas3004216 Pavarde9145670 9 8 1 9 1 6 4 1 7 3 2 2
Vardas4590757 Pavarde3004018 3 9 3 5 4 3 4 2 6 7
Vardas7729353 Pavarde6250947 5 3 10 4 1 10 5 4 6 4 4 3 4 8 5 9 5 5
Vardas1874344 Pavarde4671031 6 8 4 1 1 6 2 8 3 8 9 9 10 2
Vardas3456813 Pavarde8845837 10 10 8 7 6 2 6 3 9 4 1 8
Vardas5100367 Pavarde7358888 7 1 8 1 4 5 10 2 9
Vardas8831574 Pavarde5435297 1 8 7 1 4 8 8 4 2 2 2 2 10 4
Vardas4861935 Pavarde1690803 3 10 4 1 5 2 4 5 9
Vardas8288925 Pavarde7657330 5 8 7 5 7 4 8 7
Vardas55011 Pavarde5365099 2 4 5 2 8 10 4 3 7 7 10 7 3 10 5 6 5 8
Vardas9831582 Pavarde4324648 4 1 1 7
Vardas5548611 Pavarde6357699 3 10 6 5 4 4 6 10 3 4 4 6 9 2 2 9
Vardas1008710 Pavarde1512248 9 8 5 4 10 3 9 5
Vardas7694202 Pavarde3040076 1 5 4 8 4 1 5 3
Vardas5314117 Pavarde3353825 10 8 2 9 1 6 4 3 6 9
Vardas2945593 Pavarde8042161 10 4
Vardas6883429 Pavarde1799403 2 10 7 6 10 7 8 1
Vardas233789 Pavarde9618898 1 9 1 6 6 3 8 9 1 6 10 8 10 6 3 9 5 1
Vardas3401634 Pavarde1929639 9 10 7 10 6 4 8 7 9 5 6 4 2 1 5 2 4 10 6 6
Vardas5949316 Pavarde6683371 4 10 5 8 7 7 3 2 8 2 2 3 1 9 7 1 9 5 2 2
Vardas1537773 Pavarde8795991 5 8 1 7 4 6
Vardas3250861 Pavarde2653833 3 7
Vardas5931332 Pavarde2803126 6 8
Vardas5045591 Pavarde6591462 3 3 7 7 6 5 6 6 3 3 5 5 5 8 9 6 8 9 4 2 6
Vardas9365069 Pavarde3741370 1 1 9 7 2 1 6 7 2 2 1 5 8
Vardas5279679 Pavarde8285147 5 10 10 7 10 9 6 2 2 7 8 2 8 5 4 9 10 4 1 10 1
Vardas3630716 Pavarde6841548 2 8 6 6 8 8 1 4 6 3 1 3 2 2 10 7 1
Vardas9110748 Pavarde9977359 9 1
Vardas517027 Pavarde1621241 2 4 2 5 6 4
Vardas6514890 Pavarde6845190 3 9 7 5
Vardas6603076 Pavarde1793687 1 3 3 2 10 2
Vardas1302070 Pavarde4927439 9 6 3
Vardas184118 Pavarde2060009 2 1 7 1 6 6 5 8 3 9 7 10 3 3 9 6 5 4 2
Vardas2871693 Pavarde545769 1 3 10 10 7 2 2 3
Vardas7347151 Pavarde785366 1 4 1 1 1 4 9 3 2 6 10 5 2 6 2 4 5 6 1 5
Vardas7629609 Pavarde3877344 1 3 8 6 9 10 3 7 10
Vardas66967 Pavarde1824567 10 2 2 3 8 10 9
Vardas8229651 Pavarde1311897 2 10 6 2 7 5 7 5 9 7 7 1 5 8 4 2 1 7 10 5 9
Vardas8617023 Pavarde1771266 5 10
Vardas6502914 Pavarde9209997 3 8 7 9
Vardas8158044 Pavarde3016894 2 3 6 1 5 2 1 9 9 6 4 3 5 7
Vardas2453170 Pavarde8710627 4 9 1 1 4 10 1 10 4 5 2 9 6 6 7 5 5
Vardas2854145 Pavarde5056744 3 6 3 7 1 10 10 2 8 4 7 9 3 6 9 10 7 8
Vardas220609 Pavarde7770464 8 5 6 10 4 3 7 4 3 4 6 1 6
Vardas1278255 Pavarde3873235 5 5 10 9 4
Vardas7745818 Pavarde8075518 8 9 5 6 4 6 8
Vardas3813869 Pavarde8884329 7 2 8 7 3 9 2 6 7 5 3 6 3 7 8 6 2 2 9 1 5
Vardas4058810 Pavarde1407668 9 7 8 7 3 3 2
Vardas930656 Pavarde2218467 8 1 3 5 4 8 3 8 3 2 6 4 6 1
Vardas2485935 Pavarde4993821 8 10 4 1 1
Vardas9202207 Pavarde5851644 10 9 9 10 9 8 1
Vardas9882506 Pavarde9294326 10 6 4 5
Vardas957153 Pavarde4207662 2 5 10 6 3 7 7 2 1 5 3 7 4 4 5 5 8 3 7 10
Vardas801835 Pavarde2295097 10 8 7 9 8 1 1 6 9 5 7 7 9 2 3
Vardas9675103 Pavarde6577495 6 1 6 8 8 4 4 4 9 7 8 2 5 5
Vardas7597978 Pavarde6137782 8 3 7 4 8 3 4 4 2 3 9 7 3 5 7 9 4 3
Vardas1861331 Pavarde1958411 7 7 7
Vardas8194267 Pavarde8323670 4 10 10 5 2 3 9 9
Vardas2906549 Pavarde3407484 8 5 9 10 3 1 1 9 6 7 3 6 2 4 7 2 9 8
Vardas8112287 Pavarde5107998 9 8 9 9 3 10 6 2 3 2 5 4 2 6 1 7 6
Vardas8362893 Pavarde2583689 8 2
Vardas5135704 Pavarde3594480 10 6
Vardas5810021 Pavarde2717327 2 6 4 1 10
Vardas2779822 Pavarde4957398 5 3 1 5 6 5 9 1 8 5 5 3 4 4 6 9 4
Vardas1135709 Pavarde950335 8 7 9 8 5 9 4 8 7 2 7 1 5 3 5 4 5 10 2 9 5
Vardas9835502 Pavarde3935681 5 8 6 6 2 10 7 8 3 4 4 7 10 7 6 10 7
Vardas8947076 Pavarde4337195 8 6
Vardas6333525 Pavarde1258845 2 1 5 9 9 6 10 10 5 4 6
Vardas5985871 Pavarde4187372 10 6 10 8 6 8 7 8 7 6 4 9 10 9 4 7 2 6
Vardas9472207 Pavarde8832882 7 1 10 2
Vardas9260479 Pavarde1306382 5 7 10 3 7 7 4 9 2 4 1 2 7 9 3
Vardas9392220 Pavarde2954544 2 6 10
Vardas5535736 Pavarde770632 7 2 2 7 6 5 10 9 2 1 9 8 4 8
Vardas8657700 Pavarde3190660 10 8 10 3 8
Vardas2148136 Pavarde8724756 10 4 3 7 2 2 4 3 3 4 10
Vardas9095614 Pavarde6555842 6 5 6 4
Vardas4904777 Pavarde633594 4 8 6 3 2 7 10 6
Vardas1331572 Pavarde3092164 3 9 7 1 1 1 3 7 2 1 6 3 5 1 7 1 7 6
Vardas9379809 Pavarde4409667 9 6 3 5 7 3 4 2 10 3 1 3 7 5 5
Vardas8999356 Pavarde8379035 7 7 9 4 9 1 2 2 7 5 9 1 7 5 5 4 6
Vardas5414260 Pavarde6308995 10 3 6 2 5 4 4 8 6
Vardas7904993 Pavarde5727102 9 2 6 2 6 8 9 1 7
Vardas983100 Pavarde3164612 4 8 5 6 4 4 1 6 7 10 9 10 4 5
Vardas7081164 Pavarde6151462 2 5 2 10 7 2 6 5 10 2 9 3
Vardas232417 Pavarde908123 5 9 1 4 2 7 4 3 8 6 3 3 10 7 9 8 5 4 1 9
Vardas2504342 Pavarde7886581 1 4 6 5 9 7 10 4 5 10 4 1 3 3 1 1 6 5
Vardas9142882 Pavarde1781408 1 5 9 9 3 2
Vardas7135956 Pavarde265171 9 1 4 3 5 2 1 9 1 10
Vardas9814389 Pavarde996979 4 8 7 6 8 9 2
Vardas2242002 Pavarde4619512 9 3 1 2
Vardas2434759 Pavarde9360318 3 5 8 5 5 3 2 3 5 7 4 8 5 2 9 1 7
Vardas4857935 Pavarde6384712 7 3 8 2 6 10 5 3 2 5 6 7 8 6 7 3
Vardas4150052 Pavarde9101492 4 3 3 10 2 7 10 8 1 5 10 2 6 2 9
Vardas9658378 Pavarde5390711 7 10 7 1 1 7 5 1 3 3 7 6 7 3
Vardas303718 Pavarde2544866 6 1 4 6 4 9
Vardas1891678 Pavarde3929259 4 6 7 9 9 2 10 8 1 6 7 2 10 9 8 4 10 7 5
Vardas2128718 Pavarde8357691 7 9 10 9 9 1 8 10 9 1 1 6 7 10 3 6 3 5 7 3 2
Vardas8708338 Pavarde6604563 3 2 8 6 8 2 9 8 8 3
Vardas3245401 Pavarde2587576 6 2 2 2 4 1 7 6 10 4 4 5 8 6
Vardas5028193 Pavarde3979123 1 4 4 10 10 7 10 5 5 6 4 4 4 2
Vardas7591743 Pavarde2542101 9 1 1 9 7 7 1 3 1 3 6 8 6 8 9 10 6 4
Vardas904254 Pavarde7982038 1 4 7 6 9 10 5 8 5 6 2 8 1 8 5 6 10 9 10 3 1
Vardas1469621 Pavarde685760 9 3 5 8 2 4 5 6 9 8 8 1 4 9 6 9 6 5
Vardas3096128 Pavarde8130521 8 5 2 8 3 10
Vardas5084867 Pavarde6120938 2 6 9 3 6 7 3 1 3 3 5
Vardas8834481 Pavarde5317659 1 6 4 3 4 10 4 7 3 1 2 8 2 1 9 10 1 6 4
Vardas9304343 Pavarde4377742 4 6 2 10
Vardas8602322 Pavarde7881500 9 4 2 4 10 4 2 5 6 6 6 2 3
Vardas2432333 Pavarde5743020 4 8 10 6 5 4 4 10 3
Vardas3883318 Pavarde2037503 2 6 6 3 9 2 5 3 8 1 1 5 10 9
Vardas6954643 Pavarde3955097 1 1 3 1
Vardas9383183 Pavarde9913494 3 3 10 10 9 1 2 1 8 4 2 10 6
Vardas7140032 Pavarde1107245 6 2 3 7 8 1 4 10 6 5 1 3 4
Vardas8017037 Pavarde847199 2 5 2 4 4 6 8 10 1 2 6 2 6 5 2 3 10 7 4 4
Vardas2953424 Pavarde939512 10 10 9 7 7 8 6 8 1 7 1
Vardas8114587 Pavarde5278010 1 4 7 10 4
Vardas1479032 Pavarde2573083 4 8 3 4 8 7 5 6 3 4 2 4 3
Vardas5794496 Pavarde5436266 9 6 7 3 8 2 9 6 8 6 3 7 1 3 7 8 2
Vardas5693877 Pavarde9536223 7 7 10 2 8 5 6 7 8 8 1 2 5 4 2 10 4 9 3 8
Vardas8372920 Pavarde8605477 4 4 9 4 6 1 10 7 8 3
Vardas2859545 Pavarde520132 7 2 8 10 6 7 2 8
Vardas5585414 Pavarde1561672 2 2 5 3 8 9 4 3 1 4 3 9
Vardas3104271 Pavarde4803512 7 8 1 8 9 3 3 10 5 2 4 7 1 7 3 2 2 6 6 4 3
Vardas3431885 Pavarde5126205 9 2 4 2 3 9 9 8 2 3 1 3 9 9 9 3
Vardas1789400 Pavarde338740 10 10 1 8 9 7 5 8 8 8
Vardas4690975 Pavarde6541165 1 3 3 10 3 4 6 8 6 6
Vardas7169167 Pavarde1720755 5 3 6 5 3 5 3 9 6 2 8 1 7 10 10 3 10 6 4 2 9
Vardas7332674 Pavarde3497177 5 4 9 10 4 2 7 7
Vardas5117208 Pavarde8874601 6 6 4 2 8 3 9 8 8 1 9 10 2 1 6 2
Vardas9166197 Pavarde3834101 9 4 2 4 2 7 7 3 3 9 9 4 2 7 3 9
Vardas8327124 Pavarde2351505 6 7
Vardas9436564 Pavarde8813944 4 10 5 2 5 4 3 2 3 4 2 6 2 10
Vardas2986057 Pavarde1393977 6 6 1 3 4 7 8 6 7 9 5 9
Vardas67277 Pavarde4805285 9 5 9 7 1 6 6 3 7 8 5 7 7 3 7 3
Vardas311849 Pavarde6590130 6 2 5 1 8 1 8 5 2
Vardas1088752 Pavarde7848349 5 5 3 9 2
Vardas2401623 Pavarde7557297 4 2 7 6 3 2 7 6 1 6
Vardas2543444 Pavarde417446 9 5 3 6 10 3 5 8 7 6 3 7 5 2 5 3 2 3 4
Vardas9677764 Pavarde5594172 4 1 7 4 1 2 6 10 1 3 2 2 7 10 1 6 3 8 3 8 10
Vardas1119598 Pavarde9458209 4 6 8 2 1 10 10 7 8 7 4 6 6 8 2 10 3 6 1 5
Vardas8016148 Pavarde1473446 9 7 6 7 10 8 6 7 6 4 3 6 8 7 2 1 5 4
Vardas6590439 Pavarde2627598 6 8 9 7 6 9 9 1 9 10 4 9 8 8 5 5 4 1 7 3
Vardas4356004 Pavarde8280451 10 4 4 4 6 1 9 4 1 3 2 4 5 5 9 9 1 4 5 2
Vardas961141 Pavarde5087889 5 7
Vardas1732687 Pavarde1410210 1 8 6 6 7 5 4
Vardas956497 Pavarde72191 10 9 4 2 5 1 7 8 1 6 4 4 7 4
Vardas472329 Pavarde5106362 4 2 2 9 8 9 4 10 7 10 9 10 6 3 5 2 8 7
Vardas5453658 Pavarde2596585 10 5 7 5 3 9 2 4 1 3 8 9 10 2 9 4 4 7
Vardas7477454 Pavarde5594149 1 1 1 6 3 9 4 10 9 7 6 9 10 9 8
Vardas9724360 Pavarde9882077 3 4 2 7 3 3 6 5 1 10 3
Vardas1744780 Pavarde4358701 5 7 3 5 4 3
Vardas230867 Pavarde9297602 5 9 7 1 5 3 3 3 8 2 3 9 5 3 4 10
Vardas9753072 Pavarde4775642 5 7 9
Vardas2114004 Pavarde4321981 7 10 6 6 4 4 8 3 5 5 2 1 6 10
Vardas8483289 Pavarde1676823 3 5 10 5 6 2 5 3 2 7 6 9 9 3 4 6 5
Vardas8429617 Pavarde6388017 3 10 10 2 9 6 1 2 3 3 9 1
Vardas9762469 Pavarde3521374 7 4 1 8 7 2 8 9 3 6 4 8 1 6 5 4 1 5 2
Vardas2317430 Pavarde240123 7 1 3 7 10 8 10 6 5 7 3 10 9 7 3 3
Vardas5735575 Pavarde5820047 5 9 6 1 4 4
Vardas5243426 Pavarde7951497 10 6 9 8 3 2 9 4 1 6
Vardas1488483 Pavarde247864 1 2 8 8 6 3 6 4 10 2 7 3 7 8
Vardas8856021 Pavarde138505 8 10 3 4 9 3 5 7 8 3 5
Vardas5394902 Pavarde7643538 3 9 10 4 5 9 6 4 9 8 6 4 2 1 5 8 10 9 5 6 5
Vardas937658 Pavarde7029123 6 3 9 9 2 2 6 3 2 6 8 9 7 1 1
Vardas6993421 Pavarde6283186 7 6 1 8 6 4 6 9 1 9 4 4 5 9 1
Vardas539638 Pavarde617272 3 2 8 8
Vardas2346629 Pavarde7299475 9 4 1 6 1 1 1 1 6 8 1 9 6 9 9 7 1
Vardas518205 Pavarde5927182 1 5 2 2 5 4 4 5 8 2 10 8 5
Vardas4167302 Pavarde1544116 10 7 8 5 6 9 6 9 10 3 10 4 6 6
Vardas7304026 Pavarde4642009 8 3 1 6 8 6 2 7 2 5 5 1 4 4
Vardas9878458 Pavarde7364188 2 7 6 7 9 9 2 10 4 2 4 4 7 10 1 7 5 2
Vardas132217 Pavarde6927479 10 10 3 1 5 8 9 6 4
Vardas3387421 Pavarde8782474 6 7 10 4 6 3 4 8 4 5
Vardas5255222 Pavarde7877014 8 6 8 2 4 6 6 7 8 7 3 6 5 6
Vardas2927044 Pavarde9524412 3 2 2 2 2 1 1 9 4 3 9
Vardas36002 Pavarde974023 4 2 5 8 8 2 7 1 1 7 10 6
Vardas3258594 Pavarde418068 6 5 4 9 1 10 6 9 7 9 1
Vardas9839156 Pavarde6059338 3 9 2 2 1 10 4 2 1 4 5 3 1 9
Vardas3909175 Pavarde161571 7 5 10 7 9 9 1 9 6
Vardas5956018 Pavarde7630964 4 6 6 2 9 7 1 2 2 4 3 9 10 7 2 10 10 9 4
Vardas4478639 Pavarde5100412 4 9 1 1 9 6 2 1 5
Vardas6121525 Pavarde9429960 8 1 2 4 4 4 2 2 4 8 7 8 3 3 6 8 9
Vardas3222503 Pavarde6121322 8 7 6 1 4 1 9 6 4 1 6 5 5 8 8 8 5 5 1 9 1
Vardas4165850 Pavarde5543514 8 5 2 5 1 4 8 4 5 8 7 8 9 7
Vardas2399770 Pavarde2955226 7 4 4 8 10 1 1 1 8
Vardas240247 Pavarde6537157 8 4 7 4 9 10 6 10 4 3 7 5 1 10 1 3
Vardas2217796 Pavarde1971783 1 1 1 6 5 7 10 8 9 7 3 4 9 1 3 5 1 3 7 1
Vardas3228298 Pavarde396304 5 8 8 1 3 2 6 2 3
Vardas656689 Pavarde2083068 2 2 2 4
Vardas4732152 Pavarde6341532 7 5 10 10 5 4 3 2 6 5 10 7 9 6 4 6
Vardas7996775 Pavarde8435088 7 5 4 1 3 9 7 5 2 4 4 5 3 5 7 3 2
Vardas9422468 Pavarde9522633 8 6 2 4 4 4 3 5 4 7 3 10 8 8 9 10
Vardas6950106 Pavarde4350590 8 3 7 1 5 2 2 1 1 9 2
Vardas4371836 Pavarde4718923 3 5 3 9 8 10 10 10 2 7 9
Vardas1193247 Pavarde3583740 5 7 4 3 7 4 10
Vardas7294576 Pavarde8878667 8 1
Vardas3258816 Pavarde4098488 10 9 10 9 2 5 4 2 4 6 5 1 10 1 2 2 1 10 7 10
Vardas6732379 Pavarde5287194 4 4 6 4 8 5 9 8 10 9 4 10 8 4 3 3 10 5
Vardas3774636 Pavarde8204947 8 5 5 6 2 7 10 6 10 1 4 2
Vardas4225907 Pavarde9469936 1 7 4 9 7
Vardas590939 Pavarde2662227 8 10
Vardas9907843 Pavarde8893152 8 2 2 4 8 6 1 9 10 1 4 1 6 10 2 7 10 7 6 7
Vardas1777287 Pavarde5953693 9 10 10 8 2 10 9 3 6 5 8 10 4 3 2 5 10 1 1 10 4
Vardas5362516 Pavarde5123956 8 4 8 7 10 7 8 8 4 9 6
Vardas2712842 Pavarde8214943 9 6 1 9 6 1 9 3 5 1 1 6 1 7 1 3
Vardas3376132 Pavarde3495541 9 1 6 2 3 7 2 5 9
Vardas8054201 Pavarde5099378 7 10 7 8 7
Vardas4162121 Pavarde2168109 9 1 9 9 4 2 7 8 7 5 1 4 9 5
Vardas9228659 Pavarde6729731 5 4 2 7 3
Vardas4669735 Pavarde81466 5 9
Vardas2255640 Pavarde2557546 2 7 3 1 1 8 2 9 9 10 5 9 6
Vardas2852692 Pavarde7688728 8 2 5 5 4 1 1
Vardas2486491 Pavarde1069082 4 5 10 9 2 4
Vardas7951089 Pavarde569182 1 1 5 2 6 6 3 6 4 7 3 3 10 2 5 8 3 2 2 7
Vardas5784412 Pavarde6529293 8 2 1 5 8 3 1 3 8 4 7 1 9 3 8 4 2 10
Vardas5887405 Pavarde2176917 6 10 7 4 9 9 10 3 9 7 10 6 8 1 10 6 2 4 1
Vardas5670038 Pavarde8838407 10 10 2 3 1 7 8 6 7
Vardas8180617 Pavarde9485060 3 5 6 7 4 5 3 10 5 1 9 2 7 5 7 5 5 2
Vardas1101922 Pavarde6812940 10 6 9 3
Vardas8333394 Pavarde9813467 4 5 9 7 8 9 3 5 2
Vardas6948375 Pavarde5314415 4 3 10 1 1 8 7 9 9 2 5 9 9 3 5 6 1 1 7 5
Vardas757554 Pavarde6035117 1 5 5 6 4 4 4 1 5 4 10
Vardas7731827 Pavarde9545288 7 6 5 1 8 9 9 6 9 2 7 10 5 9 10 9 7
Vardas9960965 Pavarde4787913 4 8 5 6 2
Vardas2104327 Pavarde8152544 8 6
Vardas6122562 Pavarde891671 1 8 4 7 8 6 4 9 9 6
Vardas8565645 Pavarde5203256 7 1 8 2 10 9 1 3 7 8 8 2 5 5 7 6
Vardas1724534 Pavarde7825478 10 10 5 8 9 4 8 7 10 4 2 9 7 3 9
Vardas4549299 Pavarde8011194 8 8 5 9 6 6 1 9 1 3 1 3 7 6 9
Vardas2748626 Pavarde6053735 9 5 8 3 9 7 1 5 5 10 10
Vardas8415620 Pavarde9554789 8 7 10 9 6 10 10 8 7 4 1 6 10 10 1 3 2 1 1 3
Vardas7333131 Pavarde1782002 3 3 3 3 1 3
Vardas3416864 Pavarde9308757 1 7 4 7 3 2 9
Vardas9281585 Pavarde8737862 9 4
Vardas9079368 Pavarde4813998 10 8 6 3 9 2
Vardas9816331 Pavarde9426622 10 6 5 6 2 2 10 8 7 2 9 7 5 9 5 3 3 2 8
Vardas5085236 Pavarde1944351 1 10 8 5 10 8 5 6 8 8 9 7 2 5 3
Vardas1055088 Pavarde6774965 6 2 7 4 1 2
Vardas4735051 Pavarde4557743 3 6 4 10 7 7 3 1 1
Vardas5130375 Pavarde884415 5 8 6 6 10 8 5 8 3 3 7 4 4 6 8 9 7 3 8 9 9
Vardas2279680 Pavarde9474744 1 1 7 6
Vardas1582525 Pavarde574431 3 3 5 2 5 6 8 9 8 6 8
Vardas2541644 Pavarde22545 5 2 3
Vardas2910372 Pavarde7029360 9 3 5 7 7 6 1 4 4 1 8 3 9 7 4 10 5 6 6 7 6
Vardas9294478 Pavarde5088046 9 3 10 3 6 1 8 4 9 3 9 10 7 2 7 3
Vardas9397280 Pavarde3578436 7 7 9 7 1 1 4 5 3 3 2 4 8 9 2 6 6 10 6 2
Vardas9023181 Pavarde6033756 5 10 3 10 6
Vardas2105723 Pavarde9818538 1 9 10 4 1 4 3
Vardas2056870 Pavarde1575119 3 7 5 8 1 5 3 6 9 6 3 2 9 7 7 2 2 1 3 8
Vardas7781301 Pavarde7140840 4 4 6 2 4 6 10 3 6 6 7 2 3 10 5 6 3 10 1 4
Vardas7146885 Pavarde5635096 1 6 7 8 2 3 6 2 8
Vardas5090320 Pavarde1300696 3 6 7 7 1 2 2 9 4 9 7 6 9 4 3 10
Vardas8354029 Pavarde8228799 5 2 7 8 9 4 10 6
Vardas1166119 Pavarde80078 4 9
Vardas7894307 Pavarde3143782 4 6 6 6 5 3 2 8 3 5 2 3 5 9 9 9 6 2 7
Vardas4356373 Pavarde774435 1 1 10 8 10 5 6 1 10 6 7 7 6 3 6 6
Vardas3009644 Pavarde9308346 4 1 6 4 2 6 1 6 7
Vardas1766820 Pavarde7356818 4 6
Vardas9338642 Pavarde3125152 8 6 4 10 3 4
Vardas7898412 Pavarde9039469 7 9 3 9 9 1 6 9 5 10 9 9
Vardas9685782 Pavarde4020158 6 7 8 4 4 1 8 5
Vardas103150 Pavarde7278345 3 2 9 6
Vardas7205488 Pavarde1999786 4 8 3 5 1 9 8 5 1 5 8 2 8 3 3 8 1 8 10
Vardas213863 Pavarde3166371 2 4 8
Vardas4147724 Pavarde5345040 5 5 10 4
Vardas3242215 Pavarde119778 4 5 9
Vardas2612095 Pavarde3769690 9 4 5 9 4 10 5 2 2 5 8 2 8 7 4 3
Vardas1054473 Pavarde988404 7 4 3 2 1 8 5 10 5 10 9 4 5 7 5 6
Vardas8033128 Pavarde2491565 2 10
Vardas9698795 Pavarde3120472 10 10 7 6 3 1 6 3 4 10 8 9
Vardas2327037 Pavarde5945594 8 6 7 3 5 7 8 1 6
Vardas4960468 Pavarde3946124 2 7
Vardas4069080 Pavarde1433368 3 7 10 9 5 3 7 9 2 4
Vardas2915817 Pavarde5570495 1 4 5 2 10 5
Vardas7976672 Pavarde7314230 1 7 5 5 1 9 4 1 9 7 2 6 9 5 1 8 7 8 9 4
Vardas6351040 Pavarde3992710 10 5 7 8 8 8 10 6 3 4 10 4 8 7 8 2 4
Vardas4079637 Pavarde1258386 3 8 3 9
Vardas1810986 Pavarde2094954 1 8 6 6 9 2 6 7 10 4
Vardas4178220 Pavarde5396892 4 4 5 1 7 3 7 1 1 1 4 3 3 8 7
Vardas9776621 Pavarde9894788 8 7 1 10 6 9 3 8 4 4 7 8 4
Vardas2135572 Pavarde779035 4 5 8 5 4 4
Vardas9644138 Pavarde7949862 5 7
Vardas8807491 Pavarde8032350 1 2 6 8 2 8 6 3 1 8 1 10 7
Vardas2105900 Pavarde1846191 9 1 10
Vardas5973443 Pavarde8976170 8 4 4 10 2 5 7 3 3 2 6 6 10
Vardas2643624 Pavarde6537101 2 6 1 10 7
Vardas6518202 Pavarde757801 6 1 8 9 1 6 10 1 1 6 10 8
Vardas6881111 Pavarde7383556 9 8 2 9 6 4 5 3 5 8 1 10 10 6 6 6 9 8 2 2 1
Vardas6567050 Pavarde4604407 1 8 9 6 4 5 7 6 9 6 9 6 9 4 10 8 10 10 9 4
Vardas6130492 Pavarde5522907 1 9 9 8 4 9 2 8 9 3 6 4
Vardas6347610 Pavarde6750714 7 10 8 6 1
Vardas7227810 Pavarde9027509 6 10 5
Vardas2609753 Pavarde3590886 6 2 4 3 4 1 9 5 3 6 6 6 8 2 1 10 6 4 10 4 1
Vardas5143521 Pavarde5124613 6 3 2 7 9 3 1 2 4 8
Vardas7522379 Pavarde9894529 9 6 5 10 2 5 8 7 9 8 10 5 1 2 10
Vardas8956062 Pavarde4826516 4 7 6 10 9 4 9 7
Vardas8868081 Pavarde9549670 8 3 9 1 8 6 5 9 5 5 7 9 3 2 5 6 2 7 2
Vardas1432534 Pavarde1259106 7 5 2 1 1 1 5 5 9 3 9 5 3 6 1 3 2 1 10
Vardas7978689 Pavarde6696551 7 2 9 10 7 6 4 8 7 2 7 2
Vardas7709739 Pavarde8970972 3 5 7 1
Vardas9252786 Pavarde1972067 1 4 6 3 3 9 3 5 7 4 8 4 3 2 1 4 7 9
Vardas2056158 Pavarde4864838 10 2 4 9 6 9 9 7 7 9 5 2 9 4 2 2 8 10 8 3
Vardas9896828 Pavarde5041489 9 6 7 1 1 1 5 9 3 10 2 9 6
Vardas871499 Pavarde5392955 10 10 5 4 2 1 10 7 2 2 4 1 5 6 1 10
Vardas4629606 Pavarde1352096 10 9 5 4 4 4 8 5 10 5
Vardas230098 Pavarde8640924 4 2 6 1 9 7 2 6 6 5 2 2 9 9 3 9 8
Vardas1602549 Pavarde9207312 9 4 8 5 6 9 2 1 8 1 4
Vardas7344015 Pavarde6433458 9 6 2 1 7 7 9
Vardas9758936 Pavarde1775921 4 8
Vardas8623651 Pavarde9131532 1 8 7 1 2
Vardas8447301 Pavarde2870151 9 2 5 5
Vardas2214002 Pavarde5597 5 7 5 3
Vardas4450792 Pavarde8101084 8 6 6 10 1 1 10 8 2 8
Vardas1949675 Pavarde895889 9 4 7 6 7 1 3 9 1 1 5 4 6 6
Vardas5058492 Pavarde7749448 3 3 2 3 10 4 1 7 3 2 10 4 7 9 6 4 7 4 4
Vardas555958 Pavarde6872850 5 8 7 1 1 5 7 5 5 10 5
Vardas307131 Pavarde7062860 10 3 8 7 8 9 10 3 5 6 3 8 9 9 8 4 6 5 6
Vardas7419108 Pavarde244518 4 8 5 1 2 1
Vardas7136144 Pavarde958850 3 5 3 9 5 9 9 2 10 9 8 7 8 5 7 10 1 1 8
Vardas7394052 Pavarde4280834 3 4 5 10 9 8 4 10 7 6 4 2 5 6
Vardas8476116 Pavarde1602120 7 5 10 4 3 2 1 6 9
Vardas366871 Pavarde5977348 2 1
Vardas7599113 Pavarde5796527 9 1 8 6 2 10 1 9 2 2 4 4 8 5
Vardas2504541 Pavarde9411584 7 8 4
Vardas9946995 Pavarde8589209 5 6 5 10 9 3 9 9 10
Vardas7808596 Pavarde7235212 4 1 3 9 7 2 9 3 2 8 10 3 4 9 2 3 10 7 5 10
Vardas9035992 Pavarde7724016 9 2 6 10 1 1 7
Vardas5038706 Pavarde2970635 6 7 5 10 1 8 1 9 6 10 2 9
Vardas1566853 Pavarde5783684 6 3 6 4 1 1 9 2 10 10
Vardas9724237 Pavarde3500330 10 7 1 4 7 9
Vardas9488180 Pavarde2363945 10 3 7 6 9 8 2 6 6 3 10 3 9 2 3 1 8 9
Vardas3082820 Pavarde4931885 6 4 6 4 2 10 4 9 3 3 1 1 1 1 6 3 3
Vardas5037683 Pavarde8159971 3 7 7 6 6 8 8 5 3 10 3 2 8 10 5 4 7
Vardas1393866 Pavarde1693274 3 4 7 1 9 1 8 6 4 8 2 3 7 2 1 8 5 7
Vardas7907054 Pavarde8163844 10 6 8 8 4 6 6 6 1 10 4 2
Vardas4890944 Pavarde5473527 5 8 2 4 10 10 2 8 2 1 4 8 4 5 8 1 3 6 2 6
Vardas2836934 Pavarde4247680 5 4 4 5 5 6 10 5 5 8 5 4 4 2 6 5 2 3 8 4
Vardas3831401 Pavarde2549810 3 6 10 2 4 4 4 9 6 8 5 1 5 8 5 1 10 5 6 4
Vardas7844618 Pavarde1202332 6 1 6 9 7 8 7 6 5 6 8 2
Vardas9526289 Pavarde9399589 4 2 7 5 10 8 5 1 10 8 8 8 4 6 1 3 9
Vardas6816024 Pavarde6116655 2 6 8 1 6 9 1 9 9 2 6 10
Vardas8198288 Pavarde5263108 3 3 4 7 2 6
Vardas8178040 Pavarde434884 2 5 5 3 2 10 6 3 9 2 9 10 7 10
Vardas5789254 Pavarde9136022 8 8 10 3 2 8
Vardas6162832 Pavarde959422 9 5 10
Vardas402999 Pavarde7425456 10 10 2 1 3 9 7 2 2 8 3 9 7
Vardas9933783 Pavarde5408250 9 9 1 9 3 2 2 8 10 6 3
Vardas7489744 Pavarde4595001 8 4
Vardas3073501 Pavarde6289906 5 1
Vardas4842856 Pavarde2470268 5 7 3 8 10 3 10 8 6 1 8 1 8 2
Vardas6493681 Pavarde5517922 3 1 4
Vardas8540194 Pavarde4097156 7 5 5 4 1 10 10 7 2 7 5 10 3 3 9 2
Vardas4563764 Pavarde6018716 1 9 8 7 5 7 2 4 5 4 8 10 10 4 2 3 8 9
Vardas7966634 Pavarde3350186 1 5 7 7 10 6 1 2 10 5 7 1 7 4 2 7 1 4 9 5 10
Vardas1704518 Pavarde3914717 3 7 6 1 8 5 7 1
Vardas6762748 Pavarde1817288 2 7 2 6 6 7 7 7 4
Vardas3032673 Pavarde3293426 3 9 8 6 2 9 8 6 10 1 4 1 6 10 3 3
Vardas1316686 Pavarde647573 5 10 7 8 5 9 1 5 5 2 1 8 9 7
Vardas8941991 Pavarde3508924 1 10 1 2 5 7 10 3 5 3 2 6 7 1 8 3 1 5 1
Vardas9576274 Pavarde4623288 2 5 7
Vardas3257654 Pavarde8030398 5 7 4 9 5 1 10 10 5 3 5 5 3
Vardas7128861 Pavarde5290519 6 8 2 7 1 8 3 3 3 10
Vardas1642417 Pavarde936402 9 8 8 5 1 9 2 1 5 9 10 5 6 7 8 1 6 3 6 10
Vardas6435225 Pavarde6934034 10 4 10 8 10 10 8 10 1 7 1 6 10 3 9 5 5 10 7
Vardas230919 Pavarde7886477 2 1 9 2 7 8 1 6 10 10 9 10 8 3 3 4
Vardas1455623 Pavarde6261306 1 3 6 4
Vardas7320561 Pavarde1943959 2 1 4 1 7 1 7 7 7 5 7 9
Vardas9803985 Pavarde6726157 9 5 5 1 8 8 1 4 10 7 5 5 2 9 9 7 4 2 3 10
Vardas2924709 Pavarde2948905 1 8 7 4 10 2 7 7 2 6 9
Vardas4202365 Pavarde5668788 5 4 4 7 3 5 6 2
Vardas7474696 Pavarde6959019 7 9 10 1 8 10 4 6 6
Vardas9808007 Pavarde683095 1 6 7 1 10 8 7 3
Vardas2658192 Pavarde6481268 10 3 8 2 6 1 1 1 5 9 5 9
Vardas4488968 Pavarde912844 10 4 9 9 4 2 8 3 5 8
Vardas5696269 Pavarde9284334 10 3 1 9 8 7 4 10 9
Vardas9856979 Pavarde8766116 9 5 5 8 4 2 10 6 7 1 9 1 6 5 10 9 5
Vardas3265193 Pavarde7782427 5 7 6 6 7 1 5 1 2 3 5 6 3 8 3 5 10 1 1
Vardas6833412 Pavarde1453057 4 4 3 7
Vardas5356903 Pavarde6755721 10 5 7 3 3 3 3 4 8 2
Vardas682931 Pavarde3089515 2 2 10 10 8 9
Vardas5019670 Pavarde7078269 6 1 1 6 9 1 4 3 6 5
Vardas6924237 Pavarde2086667 7 8 10 9 8 1
Vardas8404501 Pavarde4190590 1 4 9 3 10 7 8
Vardas6763813 Pavarde1711252 1 5 9 6 8 5 9 7 6 2 1 2 6 5 3 6 2 9
Vardas3359127 Pavarde7561208 7 9 5 1 6 3 9 9 6 5 10 7 10 1 3 1
Vardas2238806 Pavarde4057928 1 7 2 9 2 7 6 8 9 6 8 4
Vardas6597538 Pavarde2584232 1 4 5 9 2 5 10 1 1 2 8 1 10 1 9 3 10
Vardas2204603 Pavarde2493990 4 5 4 3 4 3 1 2 3 9 3 6 4 1 4 8 6 3 8 7
Vardas6441283 Pavarde7711003 5 2 5 3 9 5 10 9 3 3 7 6 5 8 8 10 3 1 2 7 3
Vardas3223897 Pavarde192305 4 7 1 8 9 9
Vardas883773 Pavarde1401744 3 3 5 3 6 7 10 1 5 4 6 8 7 9 5 6 1 3
Vardas2683047 Pavarde4585478 2 10 10 6 9 10 8 1 7 5 10 5 3 1 9 1 8 10
Vardas9035408 Pavarde9889173 2 7 2 9 2 2 10 7 2 3 1 7 10 2 5 6 7 3 2 4
Vardas9771093 Pavarde9204391 7 4 1 3 9 6 6 4 8 10 1 1 7 4 2 8 7
Vardas7842673 Pavarde2286036 3 6 5 10 1 2 8 8 5 7
Vardas9200677 Pavarde8035332 5 8 5 3 3 3 6 1 9 6 6 4 8 6 6 5 6 1
Vardas5328173 Pavarde5246886 10 2
Vardas7916308 Pavarde9508079 5 9 8 9
Vardas2373477 Pavarde1014541 3 4 3 4 10 9 1 2 4 5 1 6 3 9
Vardas8532238 Pavarde2670869 10 6 1 6 8 5 9 10
Vardas3329395 Pavarde2298712 2 8 5 6 2 10 3 1 1 5 8 5 3
Vardas4155644 Pavarde5793574 9 3 8 6 9 9
Vardas8273498 Pavarde6347724 3 10 8
Vardas7597884 Pavarde9588621 1 6 10 2 4 2 1 8 9
Vardas4063469 Pavarde5825432 1 10 6 7 2 6 2 4 6 10 4 10 1 10 4
Vardas3022392 Pavarde5047390 9 1 10 2 10 10 8 7 6 8 9 9 2 5
Vardas1130292 Pavarde8216989 1 4 10 4 9 4 7 3 10 8 1 3 2 1 2 2 9 3 3 4 2
Vardas9613512 Pavarde2454025 10 3 6 10 5 8 9 3 1 1 8 7 5 9 3 9 4
Vardas3892046 Pavarde972772 4 1 5 7 7 1 5 7 6 2 5 10 1 4 4 10 6 1 9 6 1
Vardas7927940 Pavarde9911239 6 2 1 3 2 3 3 8 3 4 5 7 4
Vardas4710129 Pavarde8743951 7 4 7 2 2 10 10 2 1 1 3 7
Vardas2191912 Pavarde5980182 6 3 5
Vardas3111179 Pavarde2095871 6 4 6 7 9 6 4 2 6 6 3 10 10 2 10 5 7 6 3
Vardas5931650 Pavarde7688246 8 10 6 6 9 1 4 9 3 5 5
Vardas6993161 Pavarde282209 5 3 2 1 1 3 6 4 4 5 3 8
Vardas1905308 Pavarde2569327 9 7 7 1 7 2 9 6
Vardas2997545 Pavarde1020650 6 1 7 10 5 10 7 3 10 1 7 4 8 4 10 7
Vardas23872 Pavarde1142663 10 7 2 6 9 5 6 7 9 8 2 10 10 5 6 9 3
Vardas3328612 Pavarde5843723 9 7 2 1 7 10 9 6 2 3 6 9 1 2 10 6 9 8
Vardas3669842 Pavarde3058944 7 7 7 1 3 3 7 5 4 9 8 2 8 5 3 7 10 3 5 7 8
Vardas371527 Pavarde122469 3 7 4 10
Vardas6939291 Pavarde7407297 10 9 9
Vardas3734269 Pavarde9602718 2 2 7 8 2 5 3 1 9 6 3 3 7
Vardas6123865 Pavarde6929995 9 2 9 4 4 5 1 9 8 6 3 9
Vardas8808313 Pavarde3758392 1 1 9 10 6 10 5 6 7 6 2 4 5 1 5 6 6 7 9 7 10
Vardas5224802 Pavarde4769687 7 6 5 10 8 7 2 3 6 7
Vardas1196412 Pavarde8863140 2 9 6 3 9 3 3 8 6 6 1 1 4 10 2 6 9 2
Vardas9612371 Pavarde2510642 10 8 10 1 8 9 9 6 8 8 6 10 4 5 8 4 3 5
Vardas1965445 Pavarde3134247 5 9 9 6 7
Vardas240258 Pavarde2435404 8 9 2 10 8
Vardas9216572 Pavarde540273 9 10 10 5 3 5 7 4 9 9 8 1 2 9 4 5 1 5
Vardas1980528 Pavarde5812385 8 4 4 5 5 7 10 1 10 8 2 8 9 7 9
Vardas9673491 Pavarde9307621 7 8 9 2 4 6 6 3 7
Vardas6368416 Pavarde9903773 1 3 2
Vardas6871205 Pavarde7490544 3 9 9 7 9 8 6 2 7 10
Vardas2569889 Pavarde2933526 10 9 8 9 5 9 8 8 8 3
Vardas7750649 Pavarde8177919 1 4 9 9 3
Vardas3003780 Pavarde2980466 2 4 1 3 1 8 3 4 8 2 8 7 10 9 4 1 8 7 9 2 6
Vardas1831052 Pavarde7574794 10 8 9 5 9 6 7 2 4 8 4 9 3 8 2 10
Vardas6336635 Pavarde7060269 2 9
Vardas6298896 Pavarde2208423 3 2 5 9 10 1
Vardas3210728 Pavarde8349744 3 10 7 9
Vardas1894211 Pavarde3023575 9 9 10 8 5 7 2 3 9 3 3 7 8 10 9
Vardas2660717 Pavarde7103115 4 3 9 1 8 1 4 9 4 8 3 6 1 2 7 2
Vardas2691761 Pavarde5219207 7 3 3 9 8 5 6 3 7 10 10 3 5 6 8 4 4 9 9 6
Vardas7094504 Pavarde8105123 3 6 2 8 2 4 3 6 6 4
Vardas7603049 Pavarde6167954 7 4 4 9 2 3 5 6 8 9 7 1 5 2
Vardas8504883 Pavarde5029688 7 1 6 9 3 9 4 2
Vardas9127119 Pavarde5437477 4 1 4 7 9 7 1 6 4 2 10 8 4 2 2 3 8 7 2 10 2
Vardas7174526 Pavarde9579308 7 8 8
Vardas7486482 Pavarde6883424 2 6 9 7 6 3 3 1
Vardas7000381 Pavarde7717786 2 7 3 8 3 3 9 4 6 4 5 7 9 3 10 2 7 3 4 8
Vardas6879086 Pavarde6952483 1 7 4 4 2 10 10 5 3 4 3 7 2 7 3 2
Vardas6375489 Pavarde8573350 8 4 5 9 8 4 2 7 7 7 1 4 2
Vardas9551120 Pavarde8975404 9 4 9 9 4 8 3 1 4 4 10 5 5 7 7 7
Vardas5030250 Pavarde5483506 5 9 6 1 9 8 10 8 4 7 3 3 10 5 8 2 2 9 4 3
Vardas7818233 Pavarde4198851 7 1 1 7 1 1 9 9 10 2 1 9 10 10
Vardas8160494 Pavarde2362848 9 5 8 3 2 2 3 4 5 1 6 9 8 9 3 5 1 5 7
Vardas1028488 Pavarde6609688 9 9 8 4 5 3 5 5 7
Vardas6955878 Pavarde9082885 8 1 2 4 2 9 7 4 8 4 5 8 2 10 6 6 1 10
Vardas3578 Pavarde5522750 4 1 9 8 6 2 8 3 10 1 6 8 6 5 7 5 3 9 8 4
Vardas7560007 Pavarde7391510 5 5 3 10 7 6 5
Vardas7062810 Pavarde8500765 6 4 8 8
Vardas3521322 Pavarde3261383 7 5 2 1 6 2 8 4 6 6 10 6 5 5 6 3
Vardas845708 Pavarde8179420 6 4 1 2 9 9 4 1 9 8 6 2 5 10 6 2 1 8 10 2 5
Vardas4697610 Pavarde1886938 5 4 4
Vardas893624 Pavarde6264997 3 1 1 3 9 6 2 6 8 9
Vardas6229986 Pavarde4762684 5 10 3 5 5 8
Vardas9480089 Pavarde179640 10 4 5 8 1 5 3 7 1 2 6 9 7 3 4 9 5 10
Vardas5353561 Pavarde1476768 3 10 1 2 10 10 6 9 9 1 6 8 1 5 1 6 1
Vardas8100241 Pavarde1037882 2 10 4 2 9
Vardas2351169 Pavarde2452090 10 4 1 3 3 5 2 6 4 1 7 6 2 5 6 9 9
Vardas6746240 Pavarde6309257 4 1 6 9 9 8 5
Vardas9247817 Pavarde6966510 9 6 9 3 10 7 3 7 1 10 9 9 3 9 10 5 7 4 3 10 5
Vardas3646864 Pavarde969111 10 8 7 10 9 4 1 2 10 3 1
Vardas5928828 Pavarde1283387 4 1 10 7 10 6 10
Vardas9641023 Pavarde4299449 4 3 8 8 1 3 10 5 1 4 8 4 6 2 10 5 4 4 5 2
Vardas759443 Pavarde8855638 6 4 2 5 7 8 9 5 10 7 7 4 1 8 7 1 3
Vardas7342014 Pavarde3331609 9 7 10 10 8
Vardas1687070 Pavarde6365588 1 9 10 2 7 7 1 7 7 2 5 8 7 7 7 1 1 8 10 7 6
Vardas5028747 Pavarde6090845 4 10 9 2 3 7 4 3 1 7
Vardas988055 Pavarde7000138 9 1 3 8 1 6 9 10 3 5 7 5 7 8 8 3 4 4 1
Vardas8291340 Pavarde7597269 9 10 6
Vardas2119006 Pavarde6409259 6 1 2 10 10 8 1 5 7
Vardas4113150 Pavarde5755876 5 3 5 7 1 8 4 5 8 3 3
Vardas8187460 Pavarde7644481 2 8 7 8
Vardas2168633 Pavarde4810917 10 1 3 3 6 8 2 7 8 8
Vardas7022780 Pavarde489550 2 8 10 4 7 1 5 8 6 5 1
Vardas5982122 Pavarde1106407 2 10 2 9 4 9
Vardas3202834 Pavarde3837641 6 10 8 2 6 8 6 10 10 3 7 9 5 9 4 1 3 9
Vardas5359474 Pavarde8573958 3 4 10 7 2 1
Vardas6986945 Pavarde9329754 3 3 3 2 5 5 4
Vardas2951318 Pavarde6244980 8 8 8 6 8 3 3 6 8 6 8 8 6 9 9 1
Vardas5682410 Pavarde2994583 6 7 5 4 7 2 2 8 5 4 7 1
Vardas2748900 Pavarde7296151 8 7 5 2 5 1 5 2 8 10 8 3 1
Vardas68493 Pavarde3477881 7 4 10 7 5 2 3 4 5
Vardas6942576 Pavarde3238780 6 7 10 7 4 6 8 9 10 2 8 2 1
Vardas3304153 Pavarde1194623 9 10
Vardas7538727 Pavarde3854922 5 6 10 4 7 6 4 5 4 5
Vardas3731478 Pavarde9662483 7 8 3 2 10 7 8 4 2 6 1
Vardas2874653 Pavarde3399097 4 7
Vardas1349895 Pavarde7195704 3 9 8 2 8 10 3 6 1 4 4 8 4 8 10 10 10
Vardas5251053 Pavarde3694071 5 9 2
Vardas8333548 Pavarde7368519 1 10 4 1 9 6 2 1 9 9 6 5 9
Vardas8482772 Pavarde8701735 4 5 8 10 4 1
Vardas9591866 Pavarde8010528 4 3 1 7 3 8 9 4 6 5 1 6 5 5 6
Vardas9501814 Pavarde49559 2 6 1 10 2
Vardas5059713 Pavarde5331841 8 8 9 4 6 4 7 7 9 9 5 4 3 2
Vardas9988968 Pavarde9498917 7 3 10 7 6
Vardas586314 Pavarde6044219 9 1 8 8 6 1 2 4 1
Vardas5610034 Pavarde6555378 7 4 6 9 3 8 6 2 3 1
Vardas2058715 Pavarde6701136 5 1 6 6 1 8 3 1
Vardas3558023 Pavarde3896953 1 2 10 4 5
Vardas3336367 Pavarde103080 5 1 3 4 8 10 5 6 3
Vardas3491657 Pavarde2872151 5 2 10 1 5
Vardas5112948 Pavarde4601473 4 4 8 5 5 3 5 7 4 1 6 9 5 10 10 6 5 1 5 6
Vardas5619586 Pavarde7510767 5 5 4 2 1 9 9 6 8 2 9
Vardas7835692 Pavarde603894 3 6 5 3 9 5 10 8 10 1 1 8 3
Vardas5211371 Pavarde3412071 9 6 3 10 3 3 4 7 4 4
Vardas1098686 Pavarde6381560 1 9 5 1 6 1 6 6 9 2
Vardas5613264 Pavarde3351805 5 4 4 7 7 1 9
Vardas7350368 Pavarde3900261 10 4 6 7 10 6 2 1 4 4 7 10 5 9 8 2 4 3 2 5
Vardas5297575 Pavarde368377 2 8 9 10 9 10 3 4 6 3 4 9 1 1
Vardas2922739 Pavarde9477703 10 4 5
Vardas6288389 Pavarde181383 3 3 7 6 10 3 5 9 2 10 10 3
Vardas3032134 Pavarde3512736 9 6 6 3 9 10 1 3 9 8 5 1 8 8 8 4 8 5
Vardas9809787 Pavarde359303 3 2 7 5 5 10 3 7 10 10 9 1 5 3 5 9
Vardas8086328 Pavarde7748719 10 4 2 4 10 2 4 6 9 9 4 9 1 1 5 6 8 6
Vardas28353 Pavarde2452012 1 4 6 8
Vardas5480313 Pavarde1060149 3 6 3 9 5 5 8 8 6 1 1
Vardas5076075 Pavarde628066 5 8 7 8 2 7 4 8 3 8 1 1 1 3 9 1 2 2 9 7 2
Vardas2848507 Pavarde494666 10 4 7 7 1 4
Vardas5954898 Pavarde5286004 10 9 4 6 8 9 8
Vardas9667352 Pavarde589745 1 7 9 8 4 5 5
Vardas6380628 Pavarde2982047 6 7 2 7 8 10 4 9 6 2 9 1 10 1 10 5 8
Vardas3739545 Pavarde7393716 9 1 3 7 5 8 9 9 6 3 3 10 9 4 1 10 2 4 4 1
Vardas2677626 Pavarde1949606 2 5
Vardas7880824 Pavarde5913508 5 8 8 2 2 1 3 8 9 3 1 7 7 1 5 9 1 4 10 1
Vardas2680273 Pavarde9963880 10 6 4 4 10 10
Vardas9238198 Pavarde1952119 4 5 4 10 6 6 6 1 3 2 10 3 10 4 9 1 5
Vardas508235 Pavarde4747701 2 9 9 3 6 8 8 2 9 6 1 2 2 6
Vardas5357074 Pavarde6221384 5 8 7 1 7 7 4 7 1 1 3 4 1 1 3 6 6 3
Vardas1125393 Pavarde3478474 10 10 9 9 2 2 3 3 4 3 10 10 1 5 4 8 3
Vardas3088686 Pavarde2579299 9 1 2 5 3 5 3 6 1 2 2 1 9 3 1 1 6 8 4 5 8
Vardas9373429 Pavarde331139 5 2 5 10 3 10 4 8 6 4 7 5 1 4 5 6 10 9 6
Vardas9596552 Pavarde2817957 7 9 7 9 7 1 3 3 4 4 4 7 2
Vardas9386103 Pavarde4962318 8 2 4 3 10 1 10 2 4 6 9 7 2 6 10 6 2 6 8
Vardas2511962 Pavarde5810503 6 1 6 4 1 5 2
Vardas1600250 Pavarde8662 4 1 7 5 1 4 5 10 2 6 4
Vardas9735349 Pavarde1162898 10 9 3 6 10 6 2 9 3 6 5 10
Vardas6535320 Pavarde5968714 2 6 4 1 3 1 7 3 2
Vardas6702079 Pavarde2458499 6 5 1 7 7 2 6 3 2 10 8
Vardas1506396 Pavarde1773250 4 8 7 7 1 10 10 10 1 1 7 9 10 3 5 3
Vardas586961 Pavarde4795564 6 6 2 7 5 7 1 7 7 8 3 9 9 8
Vardas4523071 Pavarde7908954 8 6 3 5 8 9 1 4 9 6 9 5 3 3 1 8 6 2 9 2
Vardas6731152 Pavarde349890 1 4 3 1 6 2 6 1 3 5 4 6 9 5 6 1 4
Vardas8952958 Pavarde2860409 7 7 2 10 9 9 4 8 2 1 3 2 3 1 10 3 3
Vardas786021 Pavarde9187353 8 5 1 6 4 4 2 1 7 10 9 4 1 8 7
Vardas1442830 Pavarde507218 3 2 3 4 10 4 10 1 7 2 7 6 3 3 1 10 1 2 6
Vardas1096862 Pavarde1776785 8 2 1 8 2 9 5 2 1 6 5 9 3 10 6 4
Vardas8538289 Pavarde3891567 3 3 7 8 8 8 8 9 7 9 4 5 9 7 10 4
Vardas818258 Pavarde9944779 6 3 8 4 4 4 4 3 8 9 1 5 9 1 4
Vardas521771 Pavarde525543 6 3 8 7 7 9 7 10 9
Vardas4988915 Pavarde1146859 4 9 1 2 7 1 4 2 6 1 8 5 8 9 5 7 8 5
Vardas8784801 Pavarde8961278 3 3 4 3 10 1 10 6 4 2 10 5 6 3 5 2 7 9 7
Vardas8353189 Pavarde2391865 5 2 5 3
Vardas3972953 Pavarde7914629 8 8
Vardas832886 Pavarde5680705 3 1
Vardas5617627 Pavarde3132585 6 9 2 4 3 9 1 1 6 6 3 4 6 7 3 1
Vardas1541527 Pavarde3660610 8 7 8 7 3 10 8 7 1 9 1 1
Vardas3216331 Pavarde3345265 6 2 1 1 2 9 7 6 6
Vardas179171 Pavarde7339637 10 5 8 3 3 2 8 3 4 6 6 1 5
Vardas6544291 Pavarde8496137 10 4 9 6 9 7 2 6 8 7 1 9 4 2
Vardas2371308 Pavarde7380396 10 8 2 5 10 10 10 9 7
Vardas3703697 Pavarde9485300 7 7 6 6 3 9 2 5 3 2 2 7 1 8 7
Vardas3087481 Pavarde5286146 4 2 1 5 3 9 9 10 5 8 8 8 2 8 5 6 4 2
Vardas3740077 Pavarde6472625 6 9 8 8 5 1 9 4 2
Vardas8914841 Pavarde8577730 4 2 9 6 4 3 9 6 1 8 7 6 9
Vardas8518246 Pavarde1979481 3 7 10 5 5 10
Vardas7723983 Pavarde2745655 3 1 8 10 2 4 9 3 10 2 8 6 7 3 6 10 10
Vardas5240065 Pavarde1613809 4 1
Vardas7477240 Pavarde4771548 10 9 2 5 7 1 10 3 4 1 8 1 7 7 2
Vardas2340294 Pavarde5214722 4 7 7 7
Vardas6391795 Pavarde6007437 10 8 1 10 7 3
Vardas5287155 Pavarde1230424 8 4 7 1 3 7 9 3 10 8 6 1
Vardas3500221 Pavarde3375553 7 7 3 9 1 10 2 6 5 1 7 6 7 2 10 3 9
Vardas9341157 Pavarde6196086 9 1 3 8 4 1 6 3 2 10 5 3 10 10 8 3 5
Vardas991049 Pavarde8627902 1 9 4 5 1 1 5 7 6 7 9 3 3 1 4 8
Vardas9177733 Pavarde6594537 4 8 5 6 1 10 8 8 7 10 10 2 7 4 2 2 4
Vardas6343620 Pavarde5698059 7 1 9 6 6 3 6 10 7 7
Vardas6549914 Pavarde2660394 9 3 9 5 3 3 10 7
Vardas8253292 Pavarde4209974 1 1 6
Vardas6990870 Pavarde9513354 7 10 6 5 8 2 3 7 5 6 7 4 10 10 8 4 2 9 5 5
Vardas3825934 Pavarde7296494 2 6 8
Vardas2034121 Pavarde4974909 4 4 9 9 7 1 4 7 10 7
Vardas9479969 Pavarde759287 9 7 10
Vardas961203 Pavarde6227865 6 10 10 6
Vardas7615545 Pavarde9444694 7 8 1 2 6 4
Vardas8785707 Pavarde8475301 9 1 4 5 1 2 6 2 6 4 1 1
Vardas3153526 Pavarde1096430 5 3 3 9 5 3
Vardas3632934 Pavarde9354934 7 7 6 9 10 4 8
Vardas4558678 Pavarde7365446 3 1 3 4 9 9 5 7 2 4 9 1 10 5 7 1
Vardas9940781 Pavarde8697533 5 5 2 8 5 7 8 3 5 5
Vardas5597340 Pavarde4429852 9 10 5 4 4 3 2 2 10 1 3 5 7 1
Vardas4982414 Pavarde1200871 9 1 4 5 3 9 2 2 7 5 9 8
Vardas6040218 Pavarde3768911 5 2 1 7 8 9 8 2
Vardas1740366 Pavarde3688132 10 4 6 5 5 10 7 4 1 2 5 7 10 5 9 5 5 10 1 8
Vardas1568102 Pavarde3378976 3 2 7 7 8
Vardas1974123 Pavarde4259476 3 1 4
Vardas1528611 Pavarde6102134 5 9 8 8 6 4 10 1 6 5 4
Vardas3139165 Pavarde9302453 4 5 1 4 7 1
Vardas368769 Pavarde4221498 9 4 2 1 3 6 3
Vardas5911997 Pavarde6193067 10 5 3 10 6 1 4 8 3 6 1
Vardas987819 Pavarde3369035 8 1 9 6 1 3 8 4 7 3 8 5 2 6 3 9 8
Vardas5839052 Pavarde7934764 4 4 8 2 3 3 6 8 6 9 9 3 8 6 5 4 8 6 5 3
Vardas8718502 Pavarde6332398 2 9 7 4 10 8 3 7 1 9 4
Vardas573023 Pavarde5427184 8 1 10 2 7
Vardas4179669 Pavarde1007766 5 8 3 3 6 10 4 2 5
Vardas6193308 Pavarde817955 9 7 7 9 10 3 10 10 2 6 7 7 3 5 1 6 8 8 7
Vardas3140746 Pavarde7949124 2 3 2 10 10 6 7 6 6
Vardas7640308 Pavarde1425239 5 10 9 1 5 6 7
Vardas7440422 Pavarde2866237 4 2 7 1 6 3 8 3 9 10 8 3 8 2 2 10 3 8 6 10
Vardas8997192 Pavarde8102032 5 7 6 5 2 2 8 3 2 2 8 5 4 8 6 9 7 10 1 10
Vardas1575853 Pavarde1249091 2 7 4 7 7 3 8 8 2 5 2 9 7 9
Vardas8419895 Pavarde2989149 7 10 4 9 2 9 4 2
Vardas7282540 Pavarde3732955 4 10 8 9 5 7 9 1 6 3 7 2 1 10 3
Vardas6965233 Pavarde3842894 5 7 10 6
Vardas3881083 Pavarde3041029 10 7 6 6 8 7 6 6 7 9 5 7 2 7 7 1 10
Vardas2416014 Pavarde1758334 9 9 4 8 4 7 8
Vardas8384187 Pavarde536450 9 5 3 6
Vardas963583 Pavarde9380504 4 5 3 4 6 8
Vardas7763632 Pavarde4302609 1 6 6 1 7 8 4 6 4 1
Vardas9406470 Pavarde4591605 5 9 8 8 6 2 3
Vardas2021511 Pavarde184116 5 4 10 9 2 8 2 2 6 2 8 4 1 2 5 2 6 3
Vardas5232437 Pavarde154807 6 8 6 1 10 7 9 3 1 5 9 10 8
Vardas1499411 Pavarde1401063 3 3 5 9 10 1 7 9 6 2 2 2 1 2 2 2 10 4 4
Vardas1526997 Pavarde5591057 3 6 7 6 4 5 10 9 7 10 5 1 5 9 3 9 10 8 9 2 4
Vardas7031787 Pavarde2295194 6 2 8 4
Vardas6341649 Pavarde3475849 7 8 5
Vardas1050014 Pavarde3574844 8 6 6 1 9 10 1 7 10 3 8 3
Vardas6026867 Pavarde8222357 1 7 7 4 8 8 2 7 8 9 8 6 3 1 8 5 10 1 7 9
Vardas2154010 Pavarde5177630 1 3 6 2 10 7 2
Vardas7646705 Pavarde1729124 7 9 3 6 7 4 6 1 9 10 8 3 8 7 6
Vardas8835335 Pavarde8232400 10 2 2
Vardas7506797 Pavarde8066120 2 1
Vardas2336402 Pavarde7802971 10 4 6
Vardas8523733 Pavarde827295 8 1
Vardas733890 Pavarde4059138 6 2 9 6 3 7 4 7 1 5 5 9 2 1 10 6 6 9 7 6 9
Vardas1750667 Pavarde1498767 3 10 1 7 3 5 7 2 3 2 5 2 10 2
Vardas9027955 Pavarde5741413 5 6 9 6 6 4 7 5 9 5 10 10 6 6 6 3 2 2
Vardas9217452 Pavarde5288836 2 8 9 9 10 4 5 10
Vardas3755304 Pavarde1625331 1 10 2 10 5 5 6
Vardas2677568 Pavarde9015997 3 9 9 6 9 1 8 3 10 8 1 10 9 1 8 10 7 7 2 7 4
Vardas3760103 Pavarde8241427 6 3 3 1 3 4 2 6 7 4 2 4 9 1
Vardas6336279 Pavarde1472719 7 8 8 10 8 5 2 1 3 10 9 5 7 10 10 10 9 9 9 5 10
Vardas3113916 Pavarde7876712 7 8
Vardas3460247 Pavarde8029516 10 8 3
Vardas6114880 Pavarde152169 10 7 1 2 9 4 8 10 1 8 2
Vardas7312178 Pavarde1548901 1 10 7 8 6 3 1 10 1
Vardas3885498 Pavarde7548716 3 6 10 1 5 7 7 1 9 4 7
Vardas1831861 Pavarde6329572 1 3 10 10 10 6 10 4 9 9 4 7 6 1 7
Vardas1941957 Pavarde8406512 9 9 5 6 9 2 10 3
Vardas3821339 Pavarde7419243 3 9 8 7 1 10 8 1 10 7 3 1 5 8
Vardas3267188 Pavarde6736188 4 1 8 2 6 5 5 6 7 10
Vardas345452 Pavarde8289801 7 7 8 5 8 1 2 6 6
Vardas9993860 Pavarde3304802 6 1 1 6 6 5 3 1 9 3 5 8 1 10 8 3 1 7
Vardas1635983 Pavarde2632262 2 1 1 5 8 3 7 3 2 5 3 2 1 7 2 5 3
Vardas2562670 Pavarde7571274 1 7 6 5 6 4 3 4 10 3 8 7
Vardas605036 Pavarde2570481 10 1 8 2 9 10 7 7 8 2 9 1 5 5
Vardas4522276 Pavarde1931365 7 10 6 8 3 5 4 8 10 6 9 8
Vardas1264273 Pavarde8151641 10 10 7 10 2 6 4 3 9 6 5 10
Vardas1097119 Pavarde6233149 10 3 2 9 7 5 5 10 1 3 9 7 1 8
Vardas5984539 Pavarde9294562 8 1 8 5 10 1 8 7 3 3 8 4 8 8 6 6 10 2 5
Vardas7468682 Pavarde574562 3 9 7 4 7 8 4 8 5 2 2 1 7 3 2 1 9
Vardas9796409 Pavarde8189611 10 1 5 10
Vardas5293448 Pavarde4738064 3 4 1 1 2 5 9 8 4
Vardas3988358 Pavarde4780482 2 10 3 6 6 9 1 6 2 4
Vardas6077190 Pavarde3130571 3 9
Vardas2556555 Pavarde2965214 9 8 8 8 9 7 8 3 5 8 8 9 4 8 4
Vardas5133120 Pavarde8652775 7 4 7 1 2 8 5 6 7 3
Vardas7834725 Pavarde9319012 9 1 9 4 8 3 8 9 4 10 10 5 5 9 9 6
Vardas7645542 Pavarde6922067 10 6 3
Vardas536732 Pavarde7149657 9 6 5 4 7
Vardas7825783 Pavarde4850341 6 7 6 7 10 8 1 7 1 10 4 5 5 8
Vardas9774180 Pavarde2789500 7 4 8 1
Vardas8149802 Pavarde1457092 8 10 3 5 1 8 8 10 5 4 10 5 3 1 5 2 4 6 7 3
Vardas213128 Pavarde1689868 5 3 5 2 4 6 8 9 6 5 10 2 2 5 9 7 4 4
Vardas6746702 Pavarde1011695 9 9 4 6 6 7 6
Vardas3401832 Pavarde3019337 3 5 8 1 2
Vardas4528316 Pavarde1790169 1 9 10 7 2
Vardas3695991 Pavarde6377502 4 5 4
Vardas8872731 Pavarde493017 1 6 2 7 8 2 10 5 4 6 9 10 7 3 9 5 3 1 2 1
Vardas8511922 Pavarde5276683 9 5 9 4 3 1
Vardas8852273 Pavarde7054606 2 7 5 5 4 6 4
Vardas8837416 Pavarde4390715 9 4 10 5 4 10 7 2 7 5 2 7 10 6 3 5 2 1 2 9 3
Vardas3439424 Pavarde699185 3 9 8 6 9 7 10 5 1 5 6 1 9 10 4 8 1
Vardas6281584 Pavarde4736495 5 6 10 4
Vardas9286215 Pavarde8797607 2 9 10 6 3 10 5 4 8 2 1
Vardas7906087 Pavarde7949279 8 10 10 4 2 7 9 6 7 10 10 4 10 4 9 8 4 5 9 6 1
Vardas5583508 Pavarde5374995 8 3 7 8 8 9 9 4 9 1 3 3 3 4 7 3 9 6 4
Vardas2568902 Pavarde8367567 10 10 3 2 5 2 1 10 2 5 3 5 1 10
Vardas1862020 Pavarde9083659 7 5 5 4 5 10 5 5
Vardas4648369 Pavarde7629261 10 10 2 9 3 4 7 8 10 6 10 10 5 7 5 3 9
Vardas3201374 Pavarde5996612 10 1 6 4 8 2 9 6 1 9 6 10 4 9 10 4 1 4 8 10
Vardas3224225 Pavarde8443992 10 9 3 9 5 1 3 3 2
Vardas570003 Pavarde7072264 7 6 9
Vardas184237 Pavarde3092274 1 10 9 1 7 10 1 5 5 7 8 5 10 2 3
Vardas5456566 Pavarde4955595 6 3 9 6
Vardas1894994 Pavarde596305 2 8 10 3 2 7 10 6 7 7 8 7 10 5 7 8
Vardas2562482 Pavarde837591 7 8 6 9 7
Vardas5805156 Pavarde1252458 9 6 9 4 5 5 3 6 10 5 8 3 4 6 7 6 10 10 6
Vardas7177971 Pavarde2540746 9 4 5 7 10 5 1 3 2 9 2 10
Vardas4870608 Pavarde7357366 5 2 8 6 10
Vardas3078817 Pavarde8571276 7 4 2 6 6 8 4 6 3 9
Vardas6192412 Pavarde6171901 9 10 5 7 3 4 6 5 1 7 8 8 4 8 3 5 10
Vardas8127513 Pavarde2329646 10 2 10 2 9 10 9 7 8 4 4
Vardas7397529 Pavarde219611 9 2 3 3 1 2 4 4 5 7 2 9 3 10 9 5 3 10 9 10
Vardas4424918 Pavarde3178863 4 5 2 2 5 4
Vardas727096 Pavarde6784858 2 9 3 9 2 10 5 5 3 10
Vardas118535 Pavarde2819205 10 1 10 6 9 1 4 6 6 3 10
Vardas1640107 Pavarde6379001 8 9 6 8 1 3 2 8 7 6 8 3 1 3 9 6 1 6 4
Vardas4058488 Pavarde1762332 8 3 9 5 3 10 2 6 4 3 10
Vardas4685482 Pavarde3087289 6 7 6
Vardas292271 Pavarde1090240 5 9 5 9 6 10 3 2
Vardas1587156 Pavarde6672991 7 8 8 5 5 1 2 10 9 4 7 1 4 8 6 8 2 1 8 10 5
Vardas7748190 Pavarde4881075 10 10 2 8 8
Vardas1947751 Pavarde1418112 3 3 8 1 8 1 5 9 9 1 1 4 10 5 1 8 10 5 7
Vardas781709 Pavarde8856049 10 6 2 8 6
Vardas4007211 Pavarde194240 5 5 6 1 4 10 6 1 6 3 1 3 4
Vardas1124183 Pavarde9420298 9 6 7 6 8 10 4 8 5 2
Vardas1032082 Pavarde1916181 8 9 2 2 8 5 6 4 1 7 2 10 5 5 10 8 4
Vardas7950292 Pavarde1114011 6 8 7 1 6 1 6 5 10 2 8
Vardas3725047 Pavarde3028687 3 4 2 1 2 8 9 3 8 2 6 4 6 9
Vardas3062091 Pavarde4662419 4 4 4 6 4 8 6 7 8 2 3 9 3 5 5 8 5 7 6
Vardas520904 Pavarde7281092 4 9 6 9 9 3 2 9 8 7 8 7 3 5 7
Vardas4778230 Pavarde6734228 9 8 2 10 9 5 9 6 7 6 10
Vardas2358100 Pavarde5530866 6 3 1 3
Vardas6551465 Pavarde2367503 5 3 9 8
Vardas4886994 Pavarde7063288 9 10 10 5 7 7 4 1 9 5 5 10 4 3 9 9
Vardas6395973 Pavarde2466012 8 6 9 9 10 3 4 5 9 7 8 10 6 3 8 9 2
Vardas7668601 Pavarde2426161 2 5 1 3 3 9 1 8 4 3 5
Vardas119401 Pavarde8078867 1 9 7 8 1 2 2 1 8 7 7 3 6 7 6 6 5 5 9 10
Vardas6351259 Pavarde3447707 8 10 10 8 5
Vardas7806544 Pavarde4363535 3 4 5 7 8 5 4 8 8 9 5 5 5 8 9 1 5 7 7 5
Vardas9318162 Pavarde287464 2 5 7 5 3 4 10 10 3 8 2 4 9 2 8 4 3 10 2 2
Vardas4681697 Pavarde9896322 1 1 8 4 1 2 6 4 6 10 8 6 1 2 10 7
Vardas5738514 Pavarde7566821 5 7 4 9 7 10 8 1 6 6
Vardas923377 Pavarde81239 8 4 6 6 3 8 6 5 9 4 7 3 5 10 4 6
Vardas3783108 Pavarde3602776 5 10 7 6 9
Vardas5418201 Pavarde748702 9 3
Vardas2444678 Pavarde1983686 7 7 2 4 8 6 8 6 6 5 2 7 5 8 8 8 2 4 7 8
Vardas7423321 Pavarde326896 5 9 9 9 1 7 7 8 8
Vardas667861 Pavarde6799913 8 9 6 8 2 10 2 4 6 5 5 5 3 8
Vardas6850257 Pavarde5445370 7 3 2 7 8 9 10 4 7 5 3 3 6
Vardas5011940 Pavarde3337097 3 2 4 10 6 10 5 3 7 6 9 5 7 5 7 9 2 5
Vardas2272749 Pavarde1085919 8 3 10 10 6 5 7 7 2 2 4
Vardas365439 Pavarde1055092 8 7
Vardas3980593 Pavarde6004460 6 4 6 7 1 4 4 5 3 1 5 5 5 2 8 7
Vardas6049442 Pavarde2746254 4 6 1 8 3 10 6 8 7 7 10 1 2 7 10 2 9 9 8 4 10
Vardas5468232 Pavarde7551186 7 10 10 6 2 2 3 9 10 6
Vardas4859113 Pavarde113948 1 8 1 1 9 7 7 1 2 2 10 4 8 8 7 7 6 5
Vardas7114292 Pavarde4955460 7 7 5
Vardas1527788 Pavarde1382934 3 2 4 2 10 2 5 5 2 8
Vardas7194908 Pavarde8560615 4 8 6 5 7 2 4 4 2 6
Vardas9382682 Pavarde1391653 9 5 5 1 2 3 10 5 6 1 10 4 8 2 9
Vardas9003885 Pavarde7552083 5 1 2 9 2 7 5 4 3 3 7 10 4 3 9 7 2 6
Vardas6705909 Pavarde2896493 7 4 5 7 9
Vardas2638373 Pavarde6092179 2 6 4 9 1 7 8 7 3 10 6 4 6 5 3 4 7 8 1
Vardas1297957 Pavarde3994614 7 8 7 9 4 3 7 7 8 2 7 7 5 6 5
Vardas8928054 Pavarde2016535 8 9 8 1 6 5 3 7 10 7 8 6 3 9 9 5 3 6 7 1 3
Vardas1131149 Pavarde3750561 5 6 6 4 6 4 7 3 7 2 4
Vardas9902258 Pavarde9255640 7 2 5 6 1
Vardas8290353 Pavarde6924783 8 1 8
Vardas8496008 Pavarde3569345 9 2
Vardas4728700 Pavarde5414828 1 4
Vardas2023100 Pavarde6652495 1 5 9 5 8 1 9 5 6 3 5
Vardas4862934 Pavarde7589835 7 9
Vardas5947267 Pavarde9888926 6 10 7 10 8 2 4 1 4 4 2 3 8
Vardas5716224 Pavarde9756032 8 1 2 2 7 7 5 5 4 2 9 9 5 6 10 4 5 3 3
Vardas2067314 Pavarde6694311 1 8 3 8 3 4 3 9 4 1 10 8 2 2
Vardas2524155 Pavarde7571730 3 6 2 9 2 9 7 4
Vardas7859068 Pavarde6008351 3 4 9 5 10 9 6 3 5 3 5 1 8
Vardas8083366 Pavarde9532326 3 1 4
Vardas6526187 Pavarde5721125 2 10 8 2
Vardas9833715 Pavarde1954188 6 1 2 2 3 6 6 2 8 5
Vardas9321916 Pavarde2717286 6 6 6 2 3
Vardas5068736 Pavarde7502112 5 7 1 6 2 10
Vardas152959 Pavarde825954 4 9 3 7 10 4 6 1 10 9 3 9 8 2 3 4 8 9 2 2
Vardas7750306 Pavarde2540653 7 3 6 7 2 6 8 3 9 3
Vardas2227056 Pavarde8207594 4 1 4 8 6 4 6 8 4 7
Vardas5849374 Pavarde7070645 7 5 4 7 9 7 3 7 2 9 9 3 10
Vardas3769841 Pavarde3192119 2 4 5 1 4 3 2
Vardas4510426 Pavarde2536251 7 2 9 1 4 4 7 1 6 10 5 9 7 3 4
Vardas2623750 Pavarde3699142 6 10 5 4 7 4 2 2 6 1 9
Vardas5845540 Pavarde6656945 1 10 7 4 5 7 5 10 9 4 4 2 2 1 10
Vardas7588814 Pavarde8059490 8 8 1 4 7 9 1 5 1 6 2 7 7 10 2 10 2 10
Vardas5955463 Pavarde3252329 4 8
Vardas9452134 Pavarde717761 8 7 6 4 3 8 3 2 5 4 3 4 7 6 4
Vardas8143838 Pavarde8260882 7 2 6 4 3 6 7 10 4 8 10 2 2 9 6 9 5 6 3 1 2
Vardas5669914 Pavarde2067668 6 4
Vardas1788192 Pavarde8165824 10 3 4 10 8 10 10 8 8 2 10 7 6 5 1 8 8 4 2 8
Vardas129366 Pavarde9002616 8 4 5 3 10 9
Vardas5567385 Pavarde1012953 4 10 1 3 2 4 5 1 1 4 4 4 10 10 4 6 7 3 8 7 10
Vardas9492412 Pavarde2792082 7 7 1 3 2 4 6
Vardas7406388 Pavarde5722985 1 4 6 2 2 8 8 5 6 9 5 8 4 2 6 8 5 7 3
Vardas1095319 Pavarde1226859 1 6 7 4 7 5 10 6 10 8 4 3 1 10
Vardas2609152 Pavarde342474 2 7
Vardas5768440 Pavarde3583422 5 8 4
Vardas5685563 Pavarde8901096 7 9 9 10 9 4 4 6 7 3 10 3 7 1 3 8
Vardas4228279 Pavarde3211524 8 5
Vardas8265736 Pavarde6646485 7 10 2 10 8 1 1 1 5 3 10 10 9 6
Vardas8881003 Pavarde3213855 2 2
Vardas2231249 Pavarde8116574 3 10 2 9 5 10 8 3 9 7 4 7 3 7 8 2 6
Vardas7087920 Pavarde1960559 3 3 6 8
Vardas2982897 Pavarde9418773 6 7 8 7 8 9 2 5
Vardas2214441 Pavarde7990897 2 5 1 10 10 1 3 7 3 1 3 10 3 3 7 7 6 9 9 4 7
Vardas6012366 Pavarde1210148 2 2 10 5 1 9 2 3 3 5 10 6 5 5 6 9
Vardas754808 Pavarde9240364 1 6 7 7 1 4 5 1 6 7 9 4 4 10 1 8 10 9 8 2
Vardas3080817 Pavarde4405238 10 8 1 3 5 5 8 10 7 1 1 4 4 5 5
Vardas548880 Pavarde6966220 2 3 2 4 5 8 8
Vardas6811051 Pavarde529283 4 3 10
Vardas9617459 Pavarde7307749 3 4 10 7 9 3 4 8 7 6 1 4 5 3 8 3 7 8 8
Vardas3988751 Pavarde5887367 8 2 5 2 1 6 4 9 6 4 8
Vardas7367502 Pavarde2514038 6 6 2 1 10 8 9 6 1 10 4 9 10 2 9 7 2
Vardas3746628 Pavarde1182987 8 6 4 8 10 10 6 10 4 1 10 8 1 3 5
Vardas9207895 Pavarde4504153 2 2 1 2 1 4 6 6 3 10 5 2 10 4
Vardas7366118 Pavarde2213878 8 3 7 6 2 8 5 4 7 7 3 7 1 10 7 9 3 8 8 3
Vardas6241646 Pavarde501055 9 3 6 8 5 9 1 2 3 2 2 4 1 4 3 7 9 6 7 6 3
Vardas9641381 Pavarde4421697 10 1 8 2 8 8 10 9 6 2 4 9 10 1 9 2 3 4
Vardas3151347 Pavarde5519230 3 9 4
Vardas7047987 Pavarde7132280 7 3 4 4 1 6 4 8 9 7 8 8
Vardas556533 Pavarde759093 9 2 7 10 2 5 10 9 6 3 3 2
Vardas1807722 Pavarde4013858 8 6 3 6 10 2 1
Vardas7345532 Pavarde2738279 3 6 5 8 9
Vardas1187625 Pavarde5165095 1 3
Vardas9886099 Pavarde7891872 1 1 10 1 10 10 1
Vardas7162137 Pavarde1059500 8 4 8 9 2 3 10
Vardas7588419 Pavarde7172508 5 1 1 7 2 7 9 10 5 6
Vardas2316652 Pavarde6255911 9 8 9 5 3 4 5 7 7 9 1 7 4 10 5 10
Vardas6112131 Pavarde1870961 2 2 1 6 2 5 8 10
Vardas3072346 Pavarde1658515 6 7 10 9 5 5
Vardas8863562 Pavarde7267931 3 5 3
Vardas142143 Pavarde3705718 1 6 6 10 6 9 7
Vardas9177046 Pavarde119699 4 8 1 9 3 9 7
Vardas2540368 Pavarde8670054 7 10 3 2 10 9 4 5
Vardas2660257 Pavarde2810558 1 1 7 1 6 1 9 1 5 6 3 4 10 4 2 8 3 2 10 5
Vardas8488281 Pavarde1143908 7 8 6 10 1 8 6 3 1 8 10 8 3 2 4 6 9 4 3 2
Vardas9916634 Pavarde6812071 9 10 1 10 6 5 5 5 6 2
Vardas618819 Pavarde6001323 9 7 8 9 1 3 2 5 3 2 3 4 3 2 6 8
Vardas9826886 Pavarde4791681 5 10 3
Vardas553298 Pavarde5476442 5 6 7 3 5 2 4 1 1 1 9 2 8 10 3
Vardas7346932 Pavarde7013730 2 5 9 10 8 9 2 4 9 7 5
Vardas133029 Pavarde8783733 2 7 7 8 4 3 2 10 2 8 2 7 8 3 6 1 3 10
Vardas5512099 Pavarde8208160 7 1 6 2 6 5 5 8 8 1 9 2 5 10 7 9 10
Vardas3441390 Pavarde9486599 2 2 2 5 9 2
Vardas5579555 Pavarde8904934 6 5 4 4 7 7 5 4 8 2 5 3 5 2 4 5 5 6
Vardas149764 Pavarde2076901 9 5 5 4 6 4 1 4 4 9 5 7 4 6
Vardas712530 Pavarde9860671 10 7 6 6 10 10 2 1 9 6 5 7 9
Vardas612690 Pavarde4244682 9 5 5 6 2 9 9 2
Vardas2011187 Pavarde5875503 9 5 6 1 10 5 4 5 10 2 5 6 1 2 3 5
Vardas4204728 Pavarde6187030 6 5 1 10 9 8 6 3 9
Vardas4142337 Pavarde3728581 8 2 5
Vardas79780 Pavarde6318072 6 4 8 5 2 2 9
Vardas8226517 Pavarde7916103 6 6 6
Vardas3741180 Pavarde4161641 3 5 7 8 6 10 6 3 7 1
Vardas341426 Pavarde1733179 6 5 3 8
Vardas2707920 Pavarde3036008 7 4 7 7 5 3 5 10 2 4
Vardas494052 Pavarde1568119 7 5 9 7 1 5 9 2 10 4
Vardas1319090 Pavarde6850729 2 7 1 7 4 10 6 5
Vardas5535631 Pavarde5851978 9 1 8 2 6 4 2 10 4 2 10 9 7 5 5 4 5 4
Vardas1015567 Pavarde7092783 7 7 5 6 2 2 3 3 4 5 8 8 1 6
Vardas8499144 Pavarde5430642 1 6 1 5 5
Vardas9560312 Pavarde3175608 4 8 8 10 10 7 6 6
Vardas8585092 Pavarde1145986 9 2 8 2
Vardas9327098 Pavarde1389454 7 5 10 3 10 9 9 7 4 9 6 6 10
Vardas1849736 Pavarde3934944 9 7 2 5 3 10 2
Vardas2741248 Pavarde9990504 1 8 9 9 7 7 10
Vardas2076637 Pavarde453051 10 5 10 4 2 1
Vardas9272441 Pavarde4117198 3 9
Vardas9048367 Pavarde4653579 4 4 4 2 7 9 10 5
Vardas6260191 Pavarde7068875 10 7 2 9 9
Vardas5099299 Pavarde9070211 9 4 9 9 6 7 3 5 5 10 5 4 9 8 5 4 6 4 2 8 2
Vardas9235279 Pavarde9738833 6 2 2 4 10 2 3 5 7 7
Vardas2596836 Pavarde9756283 7 7 5 7 7 8 9 8 10 5 1 4 2
Vardas6024863 Pavarde2924429 10 9 5 6 1
Vardas7585940 Pavarde8355519 7 3 5 6 5 10 2
Vardas9813245 Pavarde3567059 8 6 5 9 5 8 7 3 5 9 6 10 9 1 4 5 3 4 8 5
Vardas2933137 Pavarde5935461 8 10 7 5 3 4
Vardas657680 Pavarde3260427 4 1 9 1 2
Vardas4433736 Pavarde3135683 4 2 3 2 3 9 6 3 6
Vardas1725082 Pavarde5640901 5 8 3 4 4 7 6 1 9 9 4 2 1 9 10 7 8 7
Vardas5828516 Pavarde7276308 4 1 10 2 2 2 3 1 6 1 9
Vardas5528434 Pavarde3324754 9 7 10 6 7 4 5 3 5 2 4 5 8 1 2
Vardas246138 Pavarde646319 5 6 9 2 4 5 9 2 3 10 6
Vardas1494980 Pavarde1315866 1 2 1 5 7 6 2 3 6
Vardas7590572 Pavarde7929348 5 9 6 9 1 2 10 10 8 8 3 7 3 9 2 4 6
Vardas8016222 Pavarde2660461 6 10 2 10 6 1 7 10 2 8 2 6 7 6 6
Vardas1197597 Pavarde1796902 10 1 2 10 3 5 7 10 1 8 3 5 9 2 8 4 2
Vardas6853227 Pavarde9872258 9 7 4 1 8 2 8 9 3 1 2 7 9 4 7
Vardas5937445 Pavarde779397 5 1 3 2 10 4 6
Vardas1687209 Pavarde8093930 7 10 9 8 1 6 2 1 5 9 2 6 10 1 6
Vardas382022 Pavarde9023978 3 5 2 9 3 2 4 10 8 2 6 6
Vardas3493952 Pavarde6421691 4 9 3
Vardas6623086 Pavarde1245709 2 2 4 7 3 1 10 1 9 1 8 5 5 9 3 10 3 8 8 5
Vardas6643872 Pavarde7704204 8 2 8 6 1 3 6 2 9 7 5 6 9 3 4 10 8 10
Vardas6001890 Pavarde2046653 1 8 7 10 8
Vardas5158585 Pavarde1066216 5 10 5 6 4 5 2 3 3 4 10 7 6 10 6 1 9 10
Vardas2574038 Pavarde3260200 9 1 1 5 5 10 9 9 7 9 9 5 2 9 3
Vardas6429149 Pavarde2631667 9 2 10 2 6 4 4 8 9
Vardas7677465 Pavarde9580258 1 2 4
Vardas456850 Pavarde1709 5 1 9 6 8 3 2 2
Vardas9011855 Pavarde5695350 3 1
Vardas332777 Pavarde8560762 5 2 2 5 6 8 3 9 2 1 1
Vardas5168940 Pavarde8705911 3 9 10 9 5 3 7 8 10 10
Vardas3532087 Pavarde179427 10 4 8 2 4 10 5 3 10 7 6
Vardas9050885 Pavarde7562010 3 7 4 7 8 1
Vardas1868534 Pavarde3790149 8 1 6 1 4 5 9 3 1 8 2 3 4 1 5 3 1 4 4 7
Vardas6903623 Pavarde9611901 7 10 4
Vardas2778590 Pavarde2633367 6 5 5
Vardas2539798 Pavarde318797 6 5 7 8 10 5 8 3
Vardas8175814 Pavarde9212999 3 5 6 2 1 8 2 9 10
Vardas3492530 Pavarde6307811 5 4 10 10 2
Vardas2900468 Pavarde4687468 3 1 6 3 3 8 9 2 10 4 2 2 10 1 2
Vardas5698034 Pavarde1119578 9 8 3 3 5 6 8 2 2 5 1
Vardas6646869 Pavarde1907707 9 1 10 9 6 5 2 7 5
Vardas148931 Pavarde717201 1 3 7 10 6 7 10 1 10 5 4 2 4 6
Vardas9167141 Pavarde5299193 4 9 10 1 6 1 3 2 8 2 1 3 8 2 3 3 6
Vardas1951876 Pavarde5343599 3 4 5 10 8 4 2 9 7 2 8 8
Vardas7264618 Pavarde459705 9 4 3 2 10 3 8 8 6 4 8 2
Vardas3246963 Pavarde9288371 6 2 5 5 8 7 9 10 8 7 9 4 3
Vardas2271917 Pavarde3909269 1 10 2 3 9 6 8 9
Vardas464420 Pavarde9499813 3 2 4 3 9 1 10 4
Vardas6678366 Pavarde8327578 4 5 1 8 8 2 8
Vardas463651 Pavarde7464837 5 2 9 5 8 4 4 7 6 8 4 5 9 6 9 6 8 10 4
Vardas3344268 Pavarde5573556 5 5 8 4 8 6 5 9 3 4 8 9 6 9 10 9
Vardas5294955 Pavarde5673644 10 4 5 6 2 4 5 4 10 1 3 8 4 8
Vardas1735114 Pavarde8325044 7 4
Vardas8057898 Pavarde1018898 2 5 2 5 9 2 1
Vardas5575128 Pavarde4645332 5 10 7 3 9
Vardas3571873 Pavarde5985260 4 6 6 7 5 10 3 1 8 10 1 10 4 1 10 2 1 9
Vardas3592052 Pavarde4158935 5 6 3 3 4 5 9 8 10 9
Vardas129251 Pavarde5209140 1 2 1 8 3 2 2 10 6 7
Vardas213797 Pavarde3685900 10 6 4 10 1 2 6 2 10 4 4 6 10 3 5 8 9 2 3 1
Vardas7348626 Pavarde4788096 2 7 8 7 4 8 7 10 7 9 2
Vardas5552535 Pavarde2413517 3 6 6 7 7 3 4 9 5
Vardas1514634 Pavarde9895874 2 4 1 8 10 1 10 4 5 3 9 1
Vardas3469383 Pavarde179827 10 7 8 8 4 9 3 9 5 4 8 7 7 4 8
Vardas3175454 Pavarde4448088 9 5 9 8 1 1
Vardas849684 Pavarde2586750 4 4 9 7 10 7 4 2 8 4 8 2
Vardas6265254 Pavarde3795314 5 10 10 1 8 6 1 1 5 9 3 9 7 9 10 6
Vardas25522 Pavarde915969 6 3 9 3 5 6 9 6 5 9 3
Vardas3259145 Pavarde4272107 6 3 8 1 10 7 10 7 1 10 3 5 10 1 1 10 5 10 9
Vardas902799 Pavarde2770244 6 3 2 5 6
Vardas3107451 Pavarde5909940 4 1 2 4 9 8 6 4 2 8 8 3 5 5 4 2 9
Vardas5049471 Pavarde8232370 7 5 8 4 3 4 3 5 4 6 6 6 4 9 6 6 10 4
Vardas635512 Pavarde907968 6 1 4 3
Vardas1482601 Pavarde4485021 10 3 2 1 1 9 4 3 2 4
Vardas3444402 Pavarde7410136 10 3 2
Vardas1190546 Pavarde8464075 6 9 4 5 7 4 9 4 3 8 3
Vardas9456813 Pavarde9596892 6 6 9 5 5 1 5 2 2 9
Vardas9217112 Pavarde7647746 3 4 7 10 8 10 3 3 5 8 2 7 8
Vardas3100602 Pavarde8196737 1 7 7 3 6 5 6 4 7 6 7 10 9 9 5 1 6 9 5
Vardas7470855 Pavarde1281672 3 4 1 9
Vardas2181233 Pavarde3651167 8 6 10 9 3 10 8 5 1 1 10 10 1 3
Vardas5822802 Pavarde4942172 2 8 1 5 6 8 9
Vardas5220051 Pavarde3001820 5 1 4 3 2 6 9 6 3 3 10 6 5 1
Vardas5968459 Pavarde2768676 4 4 10 8 9 6 10 1 5 5 2 3 7 4 8 10 10 10 5
Vardas6608303 Pavarde1213232 9 10 5 5 2 2 10 2
Vardas5245103 Pavarde1984546 5 6 10 8 6 8 1 6 2 7 9 9 4
Vardas9503149 Pavarde1670115 7 7 3 1 9 3 3 1 1 7 4 4
Vardas4518632 Pavarde4420988 6 8 8 10 1 3 6 3 10 4 6
Vardas3205923 Pavarde2222341 4 5 3 7 7
Vardas2272455 Pavarde4900921 3 4 4
Vardas5043279 Pavarde5130082 9 2 9 5 10 3 3 10 7 8 5 8 3 5 5 9 4
Vardas3908985 Pavarde2035315 1 5 6 2 10 10 4 5 1 2 9 7 10 10 4 6
Vardas67519 Pavarde7129283 2 4 10 10 9 4 6 6
Vardas9638389 Pavarde6959449 10 10 1 8 7
Vardas138312 Pavarde9899598 9 6 2 2 2 10 4 1 10 9 8 3 3 9 10 5 4 7 6
Vardas1942553 Pavarde3520168 8 5 1 4
Vardas7153391 Pavarde6057911 2 10 2 4 4 7 4 9 6 1 9 3 4 1 2 10 7 1 5 2 9
Vardas7057303 Pavarde6434501 9 2 6 8
Vardas8877732 Pavarde498012 1 3 10 7 3 7 1 10 9
Vardas2811816 Pavarde4552820 8 8 8 8 5 5
Vardas7306932 Pavarde1747641 4 3 4 6 5 8 10 1 7 4 10
Vardas5476344 Pavarde4364495 2 6 3 2 7 6 10 8 7 4 6 2 6 8 1
Vardas1138181 Pavarde8041916 8 4 9 4 7 3 2 9 7 10 2 8 1 2 5 2 4